100
15199434
16662222
19252071
23641201
33661026
34723084
35370433
43023806
45379090
57161646
99788765
101846791
103114365
163967331
171035632
171864072
178154278
180629553
201795479
227111552
247946989
280295037
316391589
317159276
351882361
456738607
475191198
550050020
550277486
564338578
583787226
589806848
590011675
598166761
602511920
612872373
650366414
674007615
692921213
701219850
738300303
780437020
795286519
802348052
841258873
867921744
870792652
875803094
878461798
893281828
894416410
909129433
963050649
968873679
990569005
1007016093
1009583308
1021888427
1023281343
1025141346
1042386527
1057046868
1069979073
1076298939
1114208514
1123735218
1147165042
1173576865
1180618940
1181888127
1212230723
1227430158
1286879988
1314933010
1348594037
1392359727
1408999679
1533770488
1564223799
1587337623
1593082585
1640306716
1726115474
1764676460
1823785235
1874675501
1877728665
1919854381
1932410776
1939106453
1975889773
2047029773
2049813887
2052038663
2068700886
2072834383
2082417967
2086105860
2089748373
2131925610

