100
1968078301
287724083
410622274
558519326
460165363
773440537
901520025
1404622363
417397028
665131385
1088500544
246243954
1225558714
1439197964
1991031403
638538414
1465622902
21944941
1554535401
204144149
501551717
340552604
1608463968
1970964279
749109573
736758718
557300322
1501093882
605082720
1418310820
1857519630
425677373
1706034904
120658256
984196699
18716619
894098794
1885716724
1423338983
1311495822
403364461
364355879
1557739776
1628923175
1803553844
1401287531
119977942
1121693098
1423232472
1674513343
1325837247
1924784189
2015065947
786817567
1748264821
616691872
1523576286
158081495
2117785754
2128659006
1576392316
1827821737
406852731
1134943572
1948479993
1391049431
1153660191
695095139
1129282507
429515526
2006590961
1532646969
793871406
1416847090
1014086496
449941602
670650973
1134064438
1571634700
2093883446
661094133
749988299
1871183987
528676432
1536805867
1471965160
1145368305
912898505
1630046656
1115670411
894073863
1058955324
796008500
1300926594
46415248
597004846
544492377
1200075439
1292099985
1673774885