100
2146310952
2117304641
2111229778
2100237557
2067709074
2066988985
2058741293
2053760398
2032900616
2026865323
2008352169
1909090076
1886053605
1861868934
1854160482
1825113221
1793755515
1771942505
1730087285
1722796575
1717750487
1717401112
1671359093
1666778270
1642301912
1612122906
1582423106
1567777997
1498669095
1484134620
1474054747
1450227128
1422466540
1385463286
1373455104
1346358552
1326652023
1316858455
1289752479
1183526400
1154921367
1137441935
1134856559
1109062116
1057857094
1014238234
1004137765
1002709979
975043522
958646958
913157944
894851842
886775919
870233997
865455665
861598202
831189951
819434694
762286598
716406405
715040508
697543999
692058472
685286189
667869011
665477002
660510101
658898956
627412908
578055066
531287043
528913797
527508459
478150616
469379556
449139224
422116529
394508066
365798622
347041754
310787885
290852541
283357813
282985050
279925035
267267181
249746028
243606450
240423380
222111028
208916616
189519399
182811308
146005793
133368673
132195977
99262092
94417587
87569658
49357842
