1000
1045618677
1863967299
1272579899
461085871
21961325
1105564443
2138782586
68574097
1291851600
118852153
1131251315
191929321
1641615331
1751255526
1909053865
351969720
462792178
1691535746
1693715570
143120736
928880504
114632963
732145788
1094870504
34412749
561287884
781032961
1630849392
77144257
155493230
389883213
1122762934
2019460530
1662463112
1583848806
2041421855
620543907
1575147744
2109995953
1912395508
1693999897
1093763620
2104324829
1188131580
697535498
1865895047
1540101300
1160327677
1409947145
1086333222
1303448413
191344001
1200966186
2035594201
1286214505
1235378935
449398437
2067247466
718744680
526542695
75257048
1108627893
1649305629
2094717578
623607358
1085670787
1988655786
1244151265
513334883
1951168091
1009063125
59851133
897448063
965904307
1247982713
1594983561
684315706
640600366
607827590
2094262851
1726933588
1911276003
138123204
780416126
1799386556
1424337709
2015795062
101301346
1344101527
587056094
627844041
1419358575
1695683987
129666022
1366592506
171807697
1215336810
1207764644
1415958963
1728671693
1011449087
277538440
1788522826
1908897150
1243442747
889021892
1356397063
1927758453
1529622258
1964224654
1874537656
1109072198
1728017009
2012660860
1889488325
1379919918
1289514921
1757799739
1481221264
486132800
197372185
2109065305
1905491376
1893056172
91247679
1124600234
2064863870
1306584489
184881230
1333339185
887772535
1196330317
1610877625
528811713
957743819
706836725
1417833605
166657234
487111530
799972215
2130881888
214165539
1909044414
1711415250
79342751
1651049091
943851520
1368857673
1261365182
277589136
1854990473
1458737367
239170793
1612998201
1204309891
330418472
590114787
1121690113
1637002962
774996017
307545650
377291849
1971326334
1918423276
906103562
781586505
477776353
176453520
948243740
964887883
976425735
931641980
1179053422
737986501
495573582
1258396174
241551944
1439425102
479770199
1502917126
1717014238
187277024
814170845
1956185031
1800275226
2018480737
139119856
242906365
992687202
1776122818
1017902383
1300232853
5931019
841745069
1071172481
912034581
1623331575
1548948834
1088488101
424091667
366353069
2064913837
1355733647
1545406492
655416690
1851307230
656319018
896968635
1143248684
1136089217
252402113
712779275
1323366241
1066572959
521480658
976157819
937570048
660600514
1219064185
1930257250
289239684
89482920
1083006455
295170703
931227989
6695288
1207205285
407075916
1555644122
148209738
831167583
1921997192
65639927
39417583
1319920036
721056618
1890724813
1976239054
1618025253
886489849
964844623
1870427366
1599269124
140727216
789516677
2120749783
1116885036
1727086725
633866649
188465573
1509860328
923106334
277948493
445383135
1218277037
1209176482
452078424
277998674
1616252399
2007722546
426208413
299936334
1782236090
491848340
339353917
954672478
1212904958
82595082
783427884
683446563
969084932
1748272507
406390282
420870408
1888999724
1195906959
394136543
858401112
775510037
1028003193
1046866685
137886717
1951109527
1324815178
583269852
1021902916
386508012
1035348276
1299901591
2002760411
895587175
1726110004
155213098
530339617
70474696
494567015
1485012096
1283379655
577162098
120956332
1966826218
1546247030
1869228840
225732852
1967117438
1610744916
1421639812
213770334
321662380
49666201
1241773527
1368529065
187552918
1045399406
545860595
770822770
2067302322
932368607
1806171047
1219720265
787645371
554274574
798346621
942858469
1084614191
868821318
1437425484
422142639
4717325
2014587582
543098972
1971543543
1413350964
264844164
49792748
1232984755
1875589080
1471432560
1446755089
49767812
1521098761
541044968
1418296877
1708651679
1586444374
1964157472
331990801
1506263048
749042431
2138161848
578499666
1536687802
544952774
1376846287
332062623
1629566966
98183957
1769488108
2051709605
102901282
1636592042
447324929
2074444826
902459359
712169093
2124237574
2135444114
440274525
1448186486
1434715555
490042337
821801599
1975760523
1908339214
382969630
1414721249
1725013038
714960431
773500649
326571822
705638632
1352000315
1863259624
1250591406
581362955
47838600
732674724
679546912
1817326708
636900682
782448195
1306435102
1084225611
709409373
61410813
1796394705
686163299
49371279
89185582
2134349785
1484086834
579227920
808667736
1312363709
340083486
1191637366
579601310
2065096525
1906597797
1353101960
244184699
464752781
557618627
2107444323
1715344188
1138981582
7799275
300535264
1818528495
1825125983
937435946
453493042
984077438
2021661558
1162902415
1045488251
1670572615
1849065714
1094859531
1759758197
1835931851
431462717
191502469
497115939
1743826427
531585956
1688753305
175944089
449198833
1447867454
1529046049
693383532
1912620236
2086664677
653344207
1480480776
1078162611
661143483
1781016040
749207458
338785818
570968339
1202700500
1322863256
445146249
218119267
220867860
2115718864
2067184981
1315727391
1727993413
1755633184
1747190108
1919495883
105265475
1343532887
303598191
1794018780
1519476977
752797024
1094402587
901039378
1446180556
859539175
840220407
2099524763
192536303
1918383019
613184598
1973552343
520106829
951970417
397037034
1722807330
127350025
842183283
1940926597
348217885
810418499
1860627931
1663945276
390928265
1468777467
1263651737
162940500
1574042943
459700976
466538691
1220578075
1979177953
1219335715
167497014
732733684
518032623
1027036189
1572954091
470073738
1219572492
1343853462
1083258337
1045641188
1863960292
2035228754
1442678222
1439283974
15095131
137377858
1232726923
363313017
947796357
945871206
2027258293
1338724622
267165026
1143426382
1501665122
1841207969
1603127359
1968203813
914302396
1434821664
1040055880
1081799411
20071700
1558088503
2108835600
1593025792
2028162242
1180924445
789395606
963936931
79081985
505872250
851682037
1521760207
1945156224
866777168
1659138065
1030399500
1230090185
459450775
1976270706
1109864831
1798175397
95952084
105807565
1152356872
1937160053
1708934924
973077037
703978802
996272941
2013132918
1785778213
1016344641
1423737773
1747130165
461886785
1304416367
780570962
1251282392
120869650
859652947
1757154642
972551687
233929507
1554827219
1839328856
1893067572
437743071
921935393
205034699
266530129
2031800224
2003210097
362482214
2137607790
1008083321
152158619
1699059066
1981160358
856137421
547848359
1846809628
494431986
1564193001
1123063754
94078504
2026079786
279996473
874649466
1129878530
400866124
1734302414
739549525
1373417811
1968231921
146893096
1065263019
1713815845
584636167
1987198413
1918850545
851166296
1871514989
1774576994
1213648510
1861639131
635176667
1365807130
1413214550
468853377
74460903
1961062909
168179358
568892890
1377772262
1291243112
662971394
1256368401
1571239585
1537620860
238763283
1972105709
1124439626
978312808
1198039873
945187899
1125205904
115819244
511520097
1709842071
2103017657
282886994
413524720
1827048999
2057463988
1627173230
1541204482
545157007
845496712
806935384
1014010384
919957616
620514646
1182189742
1488850506
1998286908
325949206
4338252
1107171661
1897188792
1541959112
1345934945
1721810853
518915091
176764105
772367078
1464102990
1301970010
888186323
1975623087
864328433
843720332
111026433
1277853153
523285683
21006773
757542736
2064490166
566163780
1603039448
723941902
1580174165
375513416
1344456548
614880259
1864363922
1195259809
940829466
1868702174
154947822
690534610
1263177639
1500882767
264861815
1782092730
1677646873
1037228894
1098712072
832133235
1925415217
926851512
1696461668
621651901
1037877945
826831174
1144937585
1058884719
1584373910
1061944103
1625048499
1039929710
1785886005
1057739016
1415443127
982858906
1672619276
1132323401
30635067
465965094
853541928
185582889
1156499704
2116719567
1686465657
1421361519
1751328649
1216628882
311106765
702557073
2048762117
89038334
1629408585
1597740137
710690236
519802883
277087663
1855627821
1578687602
1861461573
770088276
1056252453
753907636
408490633
2113991470
21867115
1391349539
1639127098
1154190516
1421984606
2105092192
2007732444
1607567496
1114108248
1976968363
1146549505
387986119
1580813364
215694739
699092885
135886790
116973208
788131219
1765295375
1714713345
1498821455
137614610
1991801009
1206965628
1716302212
1705778934
1977053904
625071018
312202922
238060890
591578840
334070037
1629410429
83222290
1488260554
903911388
40830834
1348509350
363995236
1154939082
1177994066
1510544741
1542925201
611323782
1726239480
94534438
747210572
1843212688
882665658
365022300
1410442385
234003465
502636910
1254759746
1440969094
71455475
813055033
1270539350
696526493
1125257955
1508600240
1288105333
1459327993
990527022
1371327623
800104899
1894438410
1412158457
1130601
110949998
419613891
1179124667
1621494739
1962539092
1790448450
1200250571
2057073531
390175374
895979611
792255541
755197674
158938348
1026259006
1257834585
1413698095
319744452
1329290060
79269480
1590283803
2025816553
1204527435
951400395
1166438238
516371780
1941927417
390282213
1316476679
1688882179
1802440670
1317607281
1799832177
74570913
349248300
1273843268
2037110005
2139696750
326610191
1946699888
382388477
1222589802
591471781
1137586151
1381528151
1617730788
247937088
647742598
1937475240
1577227148
727012078
1380275395
1455560053
1931539513
184192143
474514643
300427646
2126119560
864796856
1616904325
1667518092
519753878
787027958
1319866621
594324791
1136276259
446226242
483951149
1128489361
772836433
283167389
1510877838
1995426236
874639171
500980342
1229470739
344886311
748917430
1877213337
134877903
178660931
456741767
1515153299
1634220984
240797632
1699345442
2108735628
541225278
1677981354
826048836
10645956
1198015798
1345802715
797673914
370398772
1940127506
1933950173
816625014
276595007
914955887
1589461447
559762397
278350077
1437404035
1434401568
779330419
519391126
1779287879
1528247850
249120815
1914165782
1706908781
705862582
1281835433
1193646117
946660215
833697227
1154898097
1487885493
364194934
1980946934
1498531449
1562210732
1179266001
148721716
1932609504
971909859
2082671889
601750870
1248504867
850144128
43728670
1808267264
1128494206
1481132705
1095185184
1907824625
2000523832
726989415
1288588827
102160999
493671549
848013960
808023582
1775506983
2041660078
1754683797
461720562
1049074527
1095085642
825915496
882537813
446133444
240642581
2061803814
594855160
25768437
886230026
530043401
627519308
2134734893
1380187530
671247978
1795518509
361198088
4897035
743220045
121539065
2005420867
1470209460
1410127893
2107581867
1963881009
110658205
768121801
1591904344
4834635
375321950
2053624907
1053909163
1470407592
732056755
1936446976
1916541036
972699336
1850767143