1000
263585
2262820
7243393
7797416
9578195
12232907
12803265
14549420
15054901
17188964
22953178
23085273
31748009
32543997
33689782
33790033
40686970
45136330
46224996
48643899
50076454
56191323
58373345
62692152
63453657
65679718
71436984
72223988
75633659
78107015
83481367
94247549
94522400
97696930
99969756
108966514
109758743
117720989
119564034
119866590
120867888
131351527
131455569
134533672
141768977
142712558
144598416
144848697
146509220
147741832
148306122
149856877
160398436
162255686
162532544
162774147
163121677
166416303
166787128
167078083
170116024
170746328
171131985
173411412
182230700
183072376
184843635
189303302
191959399
194043680
194605237
196372873
198376629
200596283
205255049
205490454
206827151
206910510
213780735
214915011
218593371
219854861
226104675
229138982
229826946
230485327
234316691
235675915
236689428
239326926
239611319
244257310
244316702
245034747
245059243
245908470
246761749
248130372
248273124
249225222
250086307
253433338
254484865
254873496
255138605
257660900
260110459
265805780
267892275
270057452
275552608
276064711
276973417
278068404
278206784
278632464
279048480
286282893
288038754
288355585
289035742
289309933
289912192
292520789
293277019
298368067
299909572
300640255
301232586
304364834
307606124
309711177
310674346
312269712
312799061
317430694
320568236
322636195
324987460
325337459
326850840
328109667
330741392
333303657
335177523
335559428
337788479
338181623
338282720
339492163
340751812
342468826
349730463
350515627
351962611
352228114
354451600
354620754
356968464
358260055
359350859
362113831
363637612
366486151
371562455
372457853
374170817
376002156
377172679
377349403
378710054
378790983
384122579
385347042
386551873
386809134
387621581
390504111
394474319
398929517
399583833
403961838
404131272
406827226
414002808
415536920
417891503
420936101
421313260
424157618
433066106
433486789
438208229
442018692
442420303
444939883
446225133
446284281
446418966
447603202
450294440
450910186
454911248
455353223
458735047
460301745
461798505
462185532
465498559
468120393
471985619
473407017
473543214
474720526
474793917
479738349
482314761
482520790
488580505
491900348
492411747
497192051
503347532
505685814
510282431
510623010
511544546
512475290
515929474
518675090
520234768
520929585
525544736
527311350
528002734
529190661
530691213
531474695
532653923
533158093
533487632
533920184
536305215
537791681
539033857
559473850
574378785
574650344
576525577
577956981
578424121
582811569
582884997
583996638
584190116
585950247
587018834
588404914
589079556
589937615
594365659
595025358
595131511
597396778
598291406
599535339
600151317
600454206
603465940
608292159
611217208
611219972
611515109
611781756
612069172
614716680
615206822
616534990
617923645
621676630
622285566
622450907
626909656
628899770
633903710
634269241
635107296
637025540
638236371
639003613
639217985
639481570
640290715
644554555
648619514
649925225
650564599
650813014
652171843
655309616
656669158
659886130
660369022
662694466
662750417
662913744
663375989
663486029
664653252
668514635
668742021
669656318
671774074
671919138
672585219
673949996
676458915
681423624
682521861
689112987
689589097
690491711
694282885
697691901
698784781
704577157
706731937
709716627
710816097
713444890
715065858
718178409
718685245
720403227
723168781
729128636
730618731
733257784
734558122
738115987
738813538
740850195
741728427
745352179
745992055
746325403
746660537
753132199
756005941
757547896
758242859
758291203
758776465
761277969
761627756
763404927
769404630
775831889
777834722
779671031
781963536
786901923
788273777
788631916
790156672
791241009
798063228
798194767
798662663
805709256
806395350
807849133
810893601
811879712
821320867
822860362
823273677
823671047
826157826
829690214
830076755
831047179
833310051
838551835
848697453
849335022
850579696
852190267
853412681
857690227
860441195
864341663
865373455
870520970
871201732
871563763
874377750
874529756
877751885
879005904
880839943
882176834
882340770
884121443
888638646
889626308
889808393
892474298
893102154
893521319
893643208
895656627
895858400
897844736
901728401
902320437
904305675
907685778
909096836
910685179
915005167
916700093
917523290
918780341
923498176
925498534
926549035
927823926
928233060
930543420
931079611
932910140
933854067
934357394
935455802
938641716
941582773
941697329
942062020
943349206
949288474
949401595
949977962
953646041
953949729
955601539
958758500
961030853
963671350
963788930
964330836
967110088
968047211
968269463
971529757
976640119
979525304
984956355
985107506
985806222
989470027
994105592
1010827384
1011724541
1011749183
1014849664
1018876429
1019530998
1021414946
1021832503
1024096043
1026067936
1027958842
1034387921
1037530921
1037567802
1039037306
1039671791
1040712041
1041327316
1042799840
1043991946
1048295153
1052908376
1053931528
1054834169
1056131825
1059258294
1062024141
1062847255
1063492208
1068777332
1069205152
1070796560
1071949140
1072021327
1075378777
1076955650
1080879055
1083396359
1084199840
1086816117
1091414919
1093876052
1097306408
1097539914
1099697268
1104377104
1106676031
1108435610
1109275463
1110821017
1115807952
1116021707
1116218471
1117781828
1118294569
1120259586
1124834729
1125365411
1127432337
1130821358
1135308605
1141794621
1145370778
1145636956
1146035521
1147866705
1148563019
1150837319
1153225743
1153519301
1155871382
1156456875
1157131836
1160674207
1161173928
1166768701
1168705742
1170286059
1171837875
1172979508
1178016509
1180107452
1181261047
1181599431
1182001110
1184437153
1187756928
1191712711
1195124830
1196035841
1196693683
1202564109
1204905896
1207168716
1210055501
1213626030
1215933741
1217249937
1217687101
1218227186
1221274134
1222813627
1225761897
1225991690
1226105097
1227651821
1229454687
1231297570
1232190162
1233080986
1239098255
1239125398
1244013118
1246008660
1248835358
1249175829
1250876404
1251890943
1253087805
1254030539
1255269653
1256209055
1257683952
1259854577
1261671308
1263271670
1265312717
1272935216
1273942694
1278937189
1279554677
1281204977
1281883158
1282207554
1282443707
1284598227
1286096816
1295325063
1298145641
1299065239
1301225891
1309201701
1310096115
1311958852
1312292618
1312494772
1314325731
1319905334
1321739846
1339651715
1341056310
1341975514
1343483415
1345478700
1347105697
1351954976
1353909029
1363898489
1366492524
1368982371
1369420226
1371436816
1371812213
1374624094
1381480694
1381902258
1382253344
1383729602
1386664745
1388625780
1390009459
1390405525
1390695546
1392781369
1394890239
1395844924
1396626794
1402429555
1403165313
1407902909
1410506514
1415294992
1415949996
1416786229
1417758731
1418541110
1419434378
1420860682
1420995527
1421241338
1423933434
1426185961
1429712256
1430134699
1431092496
1431595551
1432846047
1434642118
1441930547
1442194132
1443068027
1443584646
1445488349
1446035909
1447270945
1448558168
1449309549
1450103021
1451081562
1451506498
1455048082
1456227450
1457192643
1457450039
1457837973
1459521836
1461566639
1464612196
1467051189
1471557053
1471943997
1476014251
1476797340
1477931610
1478384175
1480246762
1480656305
1482922501
1483241101
1483573132
1484442318
1486703360
1490080514
1492530647
1502074198
1502452446
1503642754
1511246504
1512527607
1516569587
1518996816
1519845682
1527966726
1528287199
1528711442
1528892186
1531565308
1533433081
1538967040
1545474562
1546395797
1549508496
1552184921
1552397946
1553055887
1554200708
1555407980
1557013170
1561223865
1562305988
1564132959
1566108499
1569141192
1576326959
1577790685
1582353280
1583046832
1585711114
1587419160
1587550944
1591507998
1591671687
1593128738
1598473296
1600593696
1603304927
1609992825
1610038649
1611048135
1611135515
1612028861
1613106278
1613336597
1614114712
1614652416
1616858750
1619420788
1621568947
1630023832
1631272788
1631359746
1636609753
1637674478
1639060508
1639123457
1639618722
1639958268
1644719825
1646842897
1646920347
1647248207
1647974956
1647997685
1651131029
1658851791
1659061554
1661820480
1669268652
1670849360
1674004347
1675487616
1675675274
1679656717
1681400274
1681408696
1681442742
1687273162
1687790195
1689103410
1690578075
1691324455
1695630744
1696779031
1698066843
1700902650
1701474935
1703351107
1708589265
1710317334
1710449467
1713905175
1719751569
1721004688
1721914209
1722228114
1724877483
1725492733
1728398612
1728607880
1729942153
1736862742
1737631350
1740722029
1741456733
1741891325
1743681850
1743851191
1745147146
1747941150
1754327680
1758736751
1759492862
1760206821
1763894546
1765235917
1766056585
1766107274
1768186534
1774882371
1777972373
1778625588
1780504186
1780988230
1781618862
1782853275
1784998698
1785399716
1788987748
1791444970
1795101237
1797231606
1799913797
1801112021
1810020442
1811397697
1814029859
1815944753
1816853401
1817838985
1818708337
1820077196
1822777781
1823336158
1823806353
1828416520
1830226245
1833704476
1833895292
1836427510
1836472978
1839865596
1840535482
1842491043
1843698428
1843957843
1847692762
1848533388
1850543472
1854751210
1860872496
1863977182
1865662707
1870382266
1871139159
1872145169
1874014901
1876376447
1877081682
1879023024
1879087854
1884173864
1886575025
1892597718
1893446804
1895337533
1895413471
1898557562
1899425895
1900291890
1902205420
1902848452
1904405038
1909049990
1910673442
1912538404
1914775860
1918340466
1921054662
1921867410
1921966349
1926783424
1929132724
1929214688
1929458026
1930338349
1930929340
1934645877
1935956089
1936502655
1938719691
1943622053
1944332151
1945246242
1952128810
1952889404
1954534045
1954636778
1959912190
1961221416
1962626108
1962679863
1963307786
1966870462
1967846100
1969698562
1971045782
1972097152
1976143294
1979592942
1980174777
1981963472
1986090046
1987418170
1989945336
1990274715
1997102235
1997976415
1998395305
1999258921
2003594168
2005154329
2007260883
2007431684
2008714383
2009301771
2011087404
2012610621
2015485335
2019468901
2021927102
2025915190
2036805704
2040962215
2041962950
2044358638
2045417129
2046602409
2046747063
2048091116
2049268311
2051399785
2052917719
2053339488
2054215688
2054501200
2057389400
2059462130
2060180674
2060523196
2063101586
2063375945
2066197010
2066919139
2069353082
2070472108
2071462043
2074417133
2079494574
2080093780
2081675703
2082425652
2085898959
2086454711
2090566450
2092628238
2095342783
2104045756
2106068750
2107292010
2107321519
2108106915
2110704329
2110947611
2111843172
2117440394
2121157631
2123285274
2123757473
2124723675
2125760608
2127625407
2132200409
2133047335
2134032884
2141282382
2141513344
2141655371
2142628937

