1000
2147207377
2146268138
2145615806
2145378725
2141654654
2137721667
2137695149
2136883148
2136723387
2135055167
2134899576
2133553257
2133338172
2132630398
2129139399
2128449802
2127873547
2126201708
2124284278
2122324201
2118688717
2115952068
2109589614
2109172964
2108634348
2108424710
2106904879
2104392529
2104329387
2104088702
2101180742
2101111433
2096353407
2092260094
2092174050
2091005115
2089709686
2081365909
2081052287
2080483182
2079075078
2078815116
2078632203
2075306499
2075298216
2068563131
2063551898
2062452251
2061763083
2059710881
2058143972
2055876531
2050877483
2050347300
2047783581
2046918701
2043760288
2043146992
2039860044
2038711359
2037659565
2037366550
2036197664
2035338486
2034657629
2031212624
2031127139
2028066446
2027254316
2025965169
2021629455
2021462634
2019268788
2014719040
2014367413
2013235165
2012409866
2009085669
2008263024
2007425992
2003743569
2002209631
2000119241
1998925476
1995274383
1994372689
1994359662
1994338365
1992836533
1989815687
1989589989
1988930520
1987424185
1986287339
1984544677
1982810908
1982696373
1982508163
1982360222
1980561890
1977959003
1977259760
1977023852
1976589521
1976223390
1973383750
1973099871
1970863381
1966027160
1965188065
1963722138
1963237321
1961362872
1961132777
1958896399
1957574439
1956344578
1953933639
1944270972
1943745715
1942843676
1941145192
1939754299
1939262552
1930415196
1929840033
1924626187
1922589523
1921086261
1919654946
1919652451
1904894957
1902045257
1901881679
1899516530
1898982037
1897698977
1897267850
1895123123
1891108231
1890831961
1890430972
1889168121
1886675026
1885361143
1884735391
1879678080
1879364564
1877972466
1876563827
1874317645
1871001164
1869757696
1866723279
1866397789
1858033506
1855626680
1844784908
1844107718
1842691724
1838232917
1837939059
1835449080
1829445759
1824831913
1822690770
1819059325
1817150298
1816120466
1813628330
1813598636
1809584541
1808452634
1807857258
1807314520
1806342220
1805962010
1804987352
1804505559
1804136725
1800945864
1800304789
1795811177
1795596954
1795294677
1791805705
1791279836
1785868219
1785772975
1784318704
1780237805
1779067289
1776325678
1775916890
1774031351
1773612049
1771507126
1771193607
1768915485
1766780549
1765717808
1762222001
1761827516
1759448854
1754213361
1753092184
1751250764
1749815624
1747307266
1746546598
1745984648
1744414363
1741977841
1740093379
1739338971
1738756203
1737606206
1735433751
1734286373
1730638630
1729099592
1728580111
1725195438
1723976597
1723068700
1720138127
1719778054
1719321612
1717544693
1713063383
1710916979
1704573053
1704324279
1702754794
1698307324
1697223773
1696995830
1694670335
1690993603
1684284828
1679164565
1673230797
1669813650
1669693546
1666151990
1666144585
1665265341
1665234175
1664447903
1664047067
1657201725
1656359395
1649675593
1648516767
1648383963
1648233417
1645486112
1637721558
1635430288
1632999559
1632731393
1632679047
1630260959
1629266224
1628815203
1628737840
1626728403
1624431965
1623396637
1620661447
1619702023
1608370624
1599388197
1597273343
1595996481
1591742749
1590279410
1588067160
1587691040
1585639048
1582399028
1579256034
1578460491
1578167584
1576740416
1575089051
1573545565
1571765374
1569676374
1568662052
1567631480
1562014678
1560111695
1559299036
1556694477
1553373916
1552099820
1550963721
1550801405
1549700536
1547895242
1545835018
1544500715
1542455792
1540556670
1539688935
1536418538
1535564727
1533719422
1533557502
1533240629
1531782340
1530923624
1528213894
1526694798
1526027463
1521554283
1520095309
1518999481
1518360021
1517431812
1517024657
1513061834
1512449715
1512303310
1507302256
1506575877
1505014861
1502197874
1498794445
1497319729
1495937300
1495590441
1495528181
1495446048
1495123382
1493271925
1491826252
1491235970
1490943241
1485177040
1484994339
1484821730
1484655147
1479855336
1478017075
1472749246
1471992369
1470931635
1464902116
1461074986
1456767752
1454398969
1453505693
1451487431
1449577280
1443421071
1443116602
1440921621
1439714063
1438237136
1438100985
1437102892
1436618958
1432693693
1430458128
1429811607
1428891115
1428002404
1423515727
1421574260
1420088626
1416137915
1415415160
1415122482
1409587732
1404306714
1402340454
1401067440
1399216578
1399131776
1397227403
1395657341
1395071085
1392356941
1390336391
1390022156
1389212089
1388802055
1387893049
1386519474
1384910483
1382777119
1379327994
1379166370
1378112484
1376866284
1374976070
1373747573
1373053773
1369992507
1369963648
1369235332
1365697427
1364307826
1360405077
1354501207
1353667911
1353289392
1351221478
1346905335
1345224219
1339877522
1331596824
1330477411
1329089732
1327527414
1327210952
1324987567
1320548531
1318716183
1316939796
1314341255
1314196119
1311857738
1309372771
1307597807
1304994694
1303836498
1303554669
1300727376
1300010885
1298894210
1298319676
1297411437
1294428373
1293567900
1291546851
1290111982
1289735833
1288229350
1288070546
1287333209
1286311836
1277298584
1274318922
1273516880
1269342287
1268753641
1267566210
1260767337
1257367911
1254085235
1243690831
1241124781
1238058275
1233866267
1232815809
1231770913
1230769822
1228826158
1222853807
1220039766
1216943419
1213732066
1211648014
1208890014
1208812449
1204837524
1203914941
1202521677
1201859516
1199663494
1199050724
1198085947
1195279552
1193802052
1193074781
1192679685
1191777095
1191731279
1190035767
1189976859
1189248017
1188780410
1188076590
1180317190
1176673017
1173670333
1172959772
1168232895
1167647405
1164439137
1162329397
1161897122
1158498597
1158492237
1156771772
1156630755
1156363205
1153972069
1151933325
1151504216
1147429838
1146244017
1139513619
1137583432
1137065426
1135316916
1135197585
1135043845
1135008216
1133305934
1133114714
1133066422
1132058502
1125953776
1124011153
1119200208
1110818167
1108145979
1107859133
1107108003
1106805757
1104411651
1103686026
1092521156
1090642924
1090405277
1088264463
1081300673
1075680391
1069070258
1069068915
1068659388
1067169953
1067098174
1064233519
1063971329
1063791256
1063107257
1061170176
1046348364
1045132854
1043797255
1042484022
1037756673
1037539618
1034225245
1033477193
1027778671
1027520135
1026753597
1025522394
1017466081
1015176811
1014015390
1013610870
1012708258
1008332252
1008309507
1001940453
999760642
998218645
996193849
996142965
994912742
994794653
990660712
985582424
982762033
980146118
973453404
972920423
972048342
969612266
965134255
960279723
958446322
951045096
948306081
946864245
943091316
942623318
942126928
939132977
935355862
932760176
927867884
927655584
927521381
924244183
922274319
919637352
919601136
916917994
916884777
915339084
914058994
913407868
909308614
906367539
905302089
903756271
903703901
899378655
898318995
897720366
897469470
896785005
894674937
891391464
888915050
888102575
884525405
883814241
883230078
878799748
876732836
875274472
864099240
857317525
849655144
848828426
845002270
843527302
841799669
840573928
839023599
836452355
831174037
826455774
825348334
825267573
819225698
819204198
813707802
813181589
812916972
811442381
810235312
810233989
809728962
809406768
808636571
806159968
804774120
804174235
799809490
798396045
793117645
792256673
790877518
790063695
789667218
786073010
783714001
783646781
783515270
783310891
781551604
781220867
780759957
776275631
772151972
771889434
771386013
770686807
770147774
769574843
767053167
765937275
762365789
759279970
758324631
755352562
755304927
753621855
746386996
745059907
744905128
744499892
743308054
743073251
739290785
738631960
737160348
732386262
729795793
727036737
725562323
724104177
721382490
719902699
719185665
718426476
716820292
713312860
711945561
710365140
707866051
706909041
706389838
705808227
702847690
699305804
698757001
695047967
691012496
690221570
678704175
675034265
673551958
669801986
668942195
665900623
665579376
662299985
661656564
661034041
660030676
659970679
659400823
658531528
657621869
656764879
655899879
655517418
652789909
652126240
651269239
649710937
649139074
648681315
646459179
644493467
644306961
640908380
639186585
637609593
627988524
627587647
622801157
619050935
618294094
617380227
616289751
615193236
613332369
610688379
607120969
606982405
605284797
604217004
602829078
602052995
598882148
597945502
597116808
596717897
595191774
594639144
592971808
590512900
590120560
588932751
587289137
586204725
577813671
573334785
565686443
565188835
561696331
559222774
555653561
550488363
547495874
542831376
541253024
541119314
538018756
534330319
533730599
530826841
511747525
509788394
507224131
506556022
503416421
500522363
499303373
498482399
493076509
484732609
484385106
478345057
472486168
469799594
468466720
467189602
466198913
465301214
465249579
461398658
460626133
460308232
457890709
457320764
456749674
454700714
447696095
446853292
446557553
445179377
444697437
444454915
443177923
442373421
441367448
436864165
435157199
434403888
433884040
427954743
427739282
426928239
426898751
419144529
419110842
417495471
417050917
412886032
412565965
411812325
408725481
406819690
404980357
398635827
394190493
392002938
391328389
389846389
389495914
386429242
385933059
385726511
383566740
380011989
378381061
378057762
369962804
369118364
364514492
362963814
362067653
361313489
352312633
349221163
346104948
345359714
342875142
341775254
339395386
334413754
333969640
327191997
325089780
324998208
321984470
321093138
318658304
317191558
316479804
314535515
309521641
304099557
302531706
301185892
300702530
300180501
300041136
298921141
293541010
291274411
288496149
285828709
283367466
283347920
279823068
278898708
275761690
271356697
270919440
270072733
268087021
266889588
264858728
264781964
263896941
261240278
256785555
255230327
255000683
250166301
248482467
247850584
247165977
246889706
246460041
246297922
245736342
244370347
240731998
239834748
235750964
234226588
227330199
226809702
223995831
214270338
213413126
203469645
202713891
201709593
201575521
199167351
198116743
197124815
194260653
193049009
192167107
187238493
184409723
184359803
177154041
176923286
173355265
172032270
164931116
159126658
157958257
151676748
145592568
144344692
141857467
138365369
130415427
128637348
126831933
125663916
125409208
120597123
120408949
116124856
115607612
115015567
114093219
111463400
110819441
109879569
105600909
103148830
102766441
99308753
95539459
94085989
91418532
89352380
88876946
86828788
85163636
84433073
73534951
72135757
68513173
68219162
65956183
64016995
61510866
58105910
53850988
50639463
48527918
47645926
46309622
41538481
36399693
35768061
32741359
30174803
25874242
25023980
22749827
22345786
21496476
12641284
9335487
6207685
5759578
5728042
